330381
163064
47924
34497
121648
22284
19101
16673
112031
13552
12418
11428
10660
9961
107569
8972
8443
7976
7536
7161
6851
6543
6249
5953
5726
5501
5338
5119
4965
4809
4593
4508
4357
4210
4125
3984
3904
3766
3690
3612
3541
3454
3377
3301
3227
3159
3086
3013
2936
2860
2852
2787
2708
2704
2638
2563
2559
2487
2486
2411
2410
2337
2339
2258
2304
2233
2239
2239
2182
2191
2135
2138
2140
2065
2065
2069
1992
1989
1987
1968
1891
1895
1888
1822
1815
1816
101454
1741
1738
1742
1740
1670
1671
1666
1661
1655
1587
1585
1587
1591
1581
1570
1506
1509
1503
1504
1504
1494
1429
1430
1433
1430
1424
1421
1354
1351
1350
1348
1346
1347
1344
1341
1273
1273
1275
1275
1272
1267
682
680
683
683
682
683
684
683
683
686
683
686
684
684
683
685
685
687
686
688
686
687
687
688
688
688
687
691
690
690
690
688
690
688
690
688
691
692
692
693
693
694
696
694
695
693
694
694
698
694
697
697
698
697
696
700
698
701
701
701
700
703
700
702
703
705
705
705
708
703
708
705
713
709
709
710
706
710
710
713
711
714
713
715
715
715
714
715
718
715
717
717
721
719
722
721
724
721
722
725
726
726
726
725
727
728
731
728
729
729
734
733
734
733
737
739
733
740
738
741
739
741
740
745
746
747
746
749
498
501
499
501
501
504
502
504
504
503
504
506
509
507
511
510
512
511
513
513
512
515
513
516
515
519
518
520
520
521
520
524
524
524
525
525
525
523
528
525
527
526
528
528
530
530
528
531
528
531
530
531
531
531
532
532
531
533
533
532
535
532
535
534
537
535
100428
535
537
537
537
537
537
538
537
538
538
539
538
539
536
538
538
539
539
538
547
538
540
538
541
100433
541
540
541
539
541
541
540
541
540
541
541
542
541
541
541
541
541
541
540
542
540
541
540
541
541
540
539
541
541
541
540
540
541
540
540
540
435
435
434
435
436
435
434
436
435
434
435
436
436
434
435
436
436
436
434
435
437
437
435
435
435
436
436
436
438
436
436
437
435
436
437
437
434
436
436
435
436
437
437
437
437
437
435
435
436
437
436
435
436
435
437
436
437
436
436
435
436
435
436
438
435
437
435
435
437
437
436
437
435
437
435
436
436
436
435
437
435
437
435
436
436
437
436
436
436
435
437
435
435
436
433
434
435
436
435
436
435
435
435
434
434
434
435
435
436
435
435
434
435
433
434
434
434
433
433
435
434
434
434
433
434
433
433
434
332
331
332
332
332
332
332
331
331
331
332
332
332
333
332
332
331
331
331
332
333
338
332
331
332
332
332
332
332
333
332
332
332
332
333
332
332
332
332
332
332
332
332
332
331
333
332
332
332
331
332
332
333
331
333
332
332
331
332
331
333
332
333
334
333
333
333
332
332
333
331
332
332
332
332
332
332
333
331
333
331
333
333
332
332
333
332
333
333
333
331
332
331
332
332
332
332
333
332
332
332
334
333
332
332
333
332
333
333
332
333
333
333
333
332
332
333
332
332
332
333
332
332
332
332
334
332
333
330
329
328
328
328
327
329
329
329
328
328
330
329
330
330
328
328
329
329
328
329
329
330
330
329
329
329
329
329
330
330
331
330
330
331
329
331
330
330
330
331
330
330
330
330
331
331
331
330
331
330
330
332
331
331
332
331
331
331
332
331
332
333
332
332
333
333
334
332
332
332
332
333
332
333
332
333
333
333
333
332
333
332
333
334
334
334
334
333
333
335
334
334
334
335
336
333
335
334
335
336
336
335
335
334
335
336
335
336
337
336
336
337
337
336
337
337
337
337
337
337
338
338
337
338
340
339
339
310
310
310
310
311
311
311
312
312
312
312
311
312
313
311
311
312
312
312
313
313
320
313
314
313
313
314
314
313
313
314
314
315
316
316
314
315
315
315
316
318
316
315
316
317
315
317
317
317
317
317
317
318
317
318
318
317
318
318
320
320
319
320
319
320
321
320
320
321
320
322
321
323
321
322
321
322
100258
322
324
323
322
323
323
324
324
323
323
325
325
325
323
326
324
325
326
323
326
326
326
327
327
327
326
328
327
327
327
327
327
327
328
327
328
327
329
329
329
328
328
329
328
329
330
329
329
330
330
250
251
250
252
252
251
253
253
251
251
252
252
252
251
251
253
251
252
253
252
252
252
253
253
252
253
253
253
253
253
253
253
253
253
253
254
253
252
254
256
254
254
254
253
254
254
255
255
254
254
255
255
255
255
254
254
255
256
255
255
256
256
255
254
256
257
256
256
255
257
256
256
256
256
256
257
256
257
257
256
257
257
258
258
256
258
257
257
394
392
394
394
394
394
395
395
394
394
394
395
395
395
395
396
394
395
396
396
397
394
395
395
397
395
396
397
395
398
395
399
397
399
396
398
397
397
399
397
371
373
373
371
374
373
372
373
372
373
373
373
373
375
375
374
375
372
374
374
375
375
374
375
375
376
375
377
376
377
376
375
377
374
377
376
376
376
377
376
376
379
377
378
377
377
377
378
376
377
378
377
378
378
380
378
381
378
377
379
380
379
379
379
379
381
379
380
380
379
381
380
382
379
381
381
380
380
381
381
382
383
381
382
382
380
100307
382
383
382
383
383
384
382
384
384
384
385
383
392
382
385
385
383
385
385
384
385
386
385
384
384
386
386
385
385
384
387
385
388
386
387
387
387
387
387
389
387
374
373
373
375
373
375
374
375
374
375
375
374
374
373
376
375
375
375
375
376
375
377
375
378
375
377
376
377
377
376
376
376
375
376
377
376
379
379
378
378
377
379
377
378
377
379
379
379
379
379
378
379
379
380
380
380
379
380
379
380
379
380
380
380
381
381
383
379
380
379
383
382
383
383
381
384
380
384
382
383
383
383
383
381
383
382
383
383
384
383
384
385
383
386
384
386
383
384
383
384
387
385
386
386
385
384
386
386
388
388
386
387
387
389
386
388
388
389
389
386
387
387
388
388
389
387
390
388
376
378
376
378
376
377
376
378
378
378
379
379
379
100302
380
379
379
380
379
379
379
380
379
381
379
379
380
381
381
381
381
380
381
381
382
382
381
383
381
382
380
382
381
382
383
383
383
382
384
383
384
383
383
385
382
385
382
385
384
385
383
383
386
384
385
384
386
386
387
385
386
386
384
387
386
387
386
388
386
387
387
387
389
387
388
387
388
387
389
390
388
390
391
390
388
391
389
389
390
390
391
389
391
389
391
391
391
392
390
392
392
393
392
392
393
392
394
393
393
393
393
393
394
393
394
393
394
394
387
388
387
389
388
389
388
389
389
389
391
389
389
389
392
391
390
391
390
391
390
391
391
392
392
390
392
391
392
392
392
392
392
392
392
393
392
393
392
393
392
393
393
392
394
394
394
394
394
394
395
393
396
395
394
396
395
395
395
396
395
394
396
396
396
395
396
395
398
397
397
397
396
398
396
399
397
398
398
398
397
398
398
399
399
398
400
399
400
399
399
399
398
398
399
400
400
399
400
399
400
399
401
399
402
400
401
401
401
401
400
402
401
403
402
402
403
402
405
403
404
404
405
403
403
404
403
405
393
393
391
394
392
393
392
394
394
394
394
393
394
399
396
396
394
395
395
396
394
398
395
397
395
396
397
396
398
396
397
396
397
397
397
398
397
399
397
400
400
400
399
400
400
399
401
400
401
399
401
401
401
401
399
401
400
401
401
401
402
402
402
402
403
401
403
401
404
402
403
402
403
403
402
404
404
404
403
404
404
403
405
404
405
403
406
405
407
405
406
407
406
406
405
407
406
409
405
408
407
409
407
406
410
407
409
410
407
409
408
409
408
410
407
410
409
410
408
409
411
410
411
410
411
409
412
411
404
405
404
405
404
404
405
406
404
404
406
405
406
406
407
407
408
408
410
408
409
409
410
411
410
411
410
411
411
411
412
411
411
410
410
411
411
411
412
411
411
412
411
413
412
412
410
413
413
411
413
413
413
413
413
412
414
413
412
415
413
415
414
415
414
416
415
416
417
417
418
417
420
422
424
425
427
430
429
431
432
432
432
432
434
433
432
432
433
434
435
433
434
433
436
432
434
436
434
437
434
437
435
436
437
437
436
437
437
436
439
436
437
437
440
436
438
438
436
440
437
440
439
438
438
438
439
440
333
333
332
333
335
332
334
334
334
336
334
335
334
336
333
336
335
334
336
334
335
334
337
335
335
336
335
337
335
337
336
336
338
336
336
336
338
336
338
338
337
338
336
338
336
337
337
338
337
337
338
338
338
336
338
337
338
337
337
338
337
338
335
338
336
336
338
337
336
337
338
336
337
337
337
339
336
338
337
338
336
337
339
337
338
337
338
337
338
337
337
337
336
337
336
338
336
337
338
337
337
337
338
337
338
337
336
337
336
337
337
338
336
338
338
337
338
336
337
336
337
337
336
338
336
337
336
338
336
339
337
337
337
336
338
337
337
337
337
338
336
339
336
338
337
338
337
336
337
337
338
337
337
336
338
338
336
337
337
339
335
338
337
337
337
338
339
337
337
337
338
336
337
338
337
337
337
338
336
337
338
337
337
337
338
337
337
337
336
337
337
338
338
338
336
338
338
337
337
336
338
336
337
337
337
337
338
337
336
338
336
338
337
338
338
337
337
336
338
336
336
337
337
337
336
338
336
337
336
337
339
337
338
337
339
336
338
338
337
338
336
338
336
337
337
337
338
335
337
336
339
336
338
337
336
338
337
337
337
337
337
337
338
336
337
337
338
336
337
337
336
337
337
339
336
338
337
338
337
336
338
337
338
336
337
336
100271
337
336
338
337
339
337
338
338
336
338
336
337
337
337
336
338
338
337
337
337
337
336
339
336
338
338
336
337
346
336
336
338
338
338
337
337
337
336
338
337
336
339
337
338
337
338
337
338
337
336
338
337
337
337
337
336
338
337
337
337
337
339
337
338
337
336
337
337
339
337
336
338
338
337
337
338
337
338
336
337
336
336
336
336
337
337
338
337
338
338
336
338
337
338
336
339
336
337
337
336
338
337
337
336
336
337
338
338
336
338
336
337
337
337
337
336
338
336
338
337
337
337
337
337
337
338
336
338
337
338
337
336
338
336
338
336
339
336
338
337
338
339
338
337
337
338
336
336
339
335
338
337
339
337
338
337
336
338
337
337
337
338
337
338
337
337
337
335
337
337
337
339
338
338
337
338
335
338
336
337
337
337
338
336
337
337
338
336
337
338
336
339
336
338
337
338
339
336
338
336
338
337
338
336
336
338
337
337
337
338
336
337
337
337
339
337
337
336
337
337
337
338
336
339
337
338
337
338
337
336
337
337
337
337
336
336
338
100270
337
338
336
338
337
338
337
337
338
339
337
336
339
338
338
338
336
338
337
337
336
338
336
338
338
337
337
337
338
337
338
338
336
337
337
338
337
337
336
338
337
337
337
337
338
336
338
337
337
338
337
338
337
338
336
338
338
336
338
337
338
337
338
336
337
338
337
338
337
338
336
338
337
336
337
336
337
336
338
337
338
338
336
339
337
338
336
338
336
337
339
337
338
337
338
337
337
338
338
339
337
338
337
338
336
338
337
337
339
337
338
337
339
338
336
338
338
338
338
337
337
336
338
337
338
338
337
336
338
337
337
338
336
337
337
337
336
338
338
337
338
337
338
336
338
337
337
338
337
337
337
338
337
337
338
337
337
337
338
337
338
337
337
338
336
337
338
339
336
337
336
336
339
337
337
336
339
336
337
339
337
337
337
