3 4 56
0.00000000
0.00000000
0.00000000
0.00000000
0.00000000
0.00000000
0.00000000
0.00000000
0.00000000
0.00000000
0.00000000
0.00000000
0.00000000
0.00000000
0.00000000
0.00000000
0.00000000
0.00000000
0.00000000
0.00000000
0.00000000
0.00000000
0.00000000
0.00000000
0.00000000
0.00000000
0.00000000
0.00000000
0.00000000
0.00000000
0.00000000
0.00000000
0.00000000
0.00000000
0.00000000
0.00000000
0.00000000
0.00000000
0.21191578
0.00000000
0.00000000
0.04485530
0.00000000
0.00000000
0.00000000
0.00000000
0.00000000
0.00000000
0.19978774
0.10557882
0.06235929
0.03118009
0.01285148
0.00345208
0.00425927
0.00213008
0.11041883
0.18771388
-0.29842574
0.12079693
0.17872567
-0.29959752
0.09046829
0.12906720
-0.21953555
0.04521991
0.06451329
-0.10973323
-0.01687167
-0.01044424
-0.06843953
-0.01687167
-0.01044424
-0.06843953
-0.01687167
-0.01044424
-0.06843953
-0.01687167
-0.01044424
-0.06843953
-0.06619956
-0.07262699
-0.01463170
-0.06619956
-0.07262699
-0.01463170
-0.06619956
-0.07262699
-0.01463170
-0.06619956
-0.07262699
-0.01463170
-0.02492137
-0.02492137
-0.02492137
-0.02492137
-0.02492137
-0.02492137
-0.02492137
-0.02492137
-0.02492137
-0.02492137
-0.02492137
-0.02492137
-0.02492137
-0.02492137
-0.02492137
-0.02492137
-0.02492137
-0.02492137
-0.02492137
-0.02492137
-0.02492137
-0.02492137
-0.02492137
-0.02492137
-0.00000000
-0.00000000
-0.00000000
-0.00000000
-0.00000000
-0.00000000
-0.00000000
-0.00000000
-0.00020845
0.00000000
0.00000000
0.00000000
0.00000000
0.00000000
0.00000000
0.00000000
0.00000000
0.00000000
0.00000000
0.00000000
0.00000000
-0.00020845
0.00000000
0.00000000
0.00000000
0.00000000
0.00000000
0.00000000
0.00000000
0.00000000
0.00000000
0.00000000
0.00000000
0.00000000
-0.00020845
0.00000000
0.00000000
0.00000000
0.00000000
0.00000000
0.00000000
0.00000000
0.00000000
0.00000000
-0.00020845
0.00000000
0.00000000
-0.00020845
0.00000000
0.00000000
0.00000000
0.00000000
0.00000000
0.00000000
0.00000000
0.00000000
0.00000000
-0.00020845
0.00000000
0.00000000
-0.00020845
0.00000000
0.00000000
0.00000000
0.00000000
0.00000000
0.00000000
0.00000000
0.00000000
0.00000000
-0.00020845
0.00000000
0.00000000
-0.00020845
0.00000000
0.00000000
0.00000000
0.00000000
0.00000000
0.00000000
-0.00020845
0.00000000
0.00000000
-0.00020845
0.00000000
0.00000000
-0.00020845
0.00000000
0.00000000
0.00000000
0.00000000
0.00000000
0.00000000
-0.00020845
0.00000000
0.00000000
-0.00020845
0.00000000
0.00000000
-0.00020845
0.00000000
0.00000000
0.00000000
0.00000000
0.00000000
0.00000000
-0.00020845
0.00000000
0.00000000
-0.00020845
0.00000000
0.00000000
-0.00020845
0.00000000
0.00000000
0.00000000
-0.00020845
0.00000000
0.00000000
-0.00020845
0.00000000
0.00000000
-0.00020845
0.00000000
0.00000000
-0.00020845
0.00000000
0.00000000
0.00000000
-0.00020845
0.00000000
0.00000000
-0.00020845
0.00000000
0.00000000
-0.00020845
0.00000000
0.00000000
-0.00020845
0.00000000
0.00000000
0.00000000
-0.00020845
0.00000000
0.00000000
-0.00020845
0.00000000
0.00000000
-0.00020845
0.00000000
0.00000000
-0.00020845
0.00020845
-0.00000000
-0.00000000
-0.00000000
-0.00000000
-0.00000000
-0.00000000
-0.00000000
-0.00000000
-0.00000000
-0.00000000
-0.00000000
-0.00000000
0.00020845
-0.00000000
-0.00000000
-0.00000000
-0.00000000
-0.00000000
-0.00000000
-0.00000000
-0.00000000
-0.00000000
-0.00000000
-0.00000000
-0.00000000
0.00020845
-0.00000000
-0.00000000
-0.00000000
-0.00000000
-0.00000000
-0.00000000
-0.00000000
-0.00000000
-0.00000000
0.00020845
-0.00000000
-0.00000000
0.00020845
-0.00000000
-0.00000000
-0.00000000
-0.00000000
-0.00000000
-0.00000000
-0.00000000
-0.00000000
-0.00000000
0.00020845
-0.00000000
-0.00000000
0.00020845
-0.00000000
-0.00000000
-0.00000000
-0.00000000
-0.00000000
-0.00000000
-0.00000000
-0.00000000
-0.00000000
0.00020845
-0.00000000
-0.00000000
0.00020845
-0.00000000
-0.00000000
-0.00000000
-0.00000000
-0.00000000
-0.00000000
0.00020845
-0.00000000
-0.00000000
0.00020845
-0.00000000
-0.00000000
0.00020845
-0.00000000
-0.00000000
-0.00000000
-0.00000000
-0.00000000
-0.00000000
0.00020845
-0.00000000
-0.00000000
0.00020845
-0.00000000
-0.00000000
0.00020845
-0.00000000
-0.00000000
-0.00000000
-0.00000000
-0.00000000
-0.00000000
0.00020845
-0.00000000
-0.00000000
0.00020845
-0.00000000
-0.00000000
0.00020845
-0.00000000
-0.00000000
-0.00000000
0.00020845
-0.00000000
-0.00000000
0.00020845
-0.00000000
-0.00000000
0.00020845
-0.00000000
-0.00000000
0.00020845
-0.00000000
-0.00000000
-0.00000000
0.00020845
-0.00000000
-0.00000000
0.00020845
-0.00000000
-0.00000000
0.00020845
-0.00000000
-0.00000000
0.00020845
-0.00000000
-0.00000000
-0.00000000
0.00020845
-0.00000000
-0.00000000
0.00020845
-0.00000000
-0.00000000
0.00020845
-0.00000000
-0.00000000
0.00020845
0.08307123
0.00000000
0.00000000
0.00000000
0.00000000
0.00000000
0.00000000
0.00000000
0.00000000
0.00000000
0.00000000
0.00000000
0.00000000
0.08307123
0.00000000
0.00000000
0.00000000
0.00000000
0.00000000
0.00000000
0.00000000
0.00000000
0.00000000
0.00000000
0.00000000
0.00000000
0.08307123
0.00000000
0.00000000
0.00000000
0.00000000
0.00000000
0.00000000
0.00000000
0.00000000
0.00000000
0.00000000
0.00000000
0.00000000
0.08307123
0.00000000
0.00000000
0.00000000
0.00000000
0.00000000
0.00000000
0.00000000
0.00000000
0.00000000
0.00000000
0.00000000
0.00000000
0.08307123
0.00000000
0.00000000
0.00000000
0.00000000
0.00000000
0.00000000
0.00000000
0.00000000
0.00000000
0.00000000
0.00000000
0.00000000
0.08307123
0.00000000
0.00000000
0.00000000
0.00000000
0.00000000
0.00000000
0.00000000
0.00000000
0.00000000
0.00000000
0.00000000
0.00000000
0.08307123
0.00000000
0.00000000
0.00000000
0.00000000
0.00000000
0.00000000
0.00000000
0.00000000
0.00000000
0.00000000
0.00000000
0.00000000
0.08307123
0.00000000
0.00000000
0.00000000
0.00000000
0.00000000
0.00000000
0.00000000
0.00000000
0.00000000
0.00000000
0.00000000
0.00000000
0.08307123
0.00000000
0.00000000
0.00000000
0.00000000
0.00000000
0.00000000
0.00000000
0.00000000
0.00000000
0.00000000
0.00000000
0.00000000
0.08307123
0.00000000
0.00000000
0.00000000
0.00000000
0.00000000
0.00000000
0.00000000
0.00000000
0.00000000
0.00000000
0.00000000
0.00000000
0.08307123
0.00000000
0.00000000
0.00000000
0.00000000
0.00000000
0.00000000
0.00000000
0.00000000
0.00000000
0.00000000
0.00000000
0.00000000
0.08307123
-0.08307123
-0.00000000
-0.00000000
-0.00000000
-0.00000000
-0.00000000
-0.00000000
-0.00000000
-0.00000000
-0.00000000
-0.00000000
-0.00000000
-0.00000000
-0.08307123
-0.00000000
-0.00000000
-0.00000000
-0.00000000
-0.00000000
-0.00000000
-0.00000000
-0.00000000
-0.00000000
-0.00000000
-0.00000000
-0.00000000
-0.08307123
-0.00000000
-0.00000000
-0.00000000
-0.00000000
-0.00000000
-0.00000000
-0.00000000
-0.00000000
-0.00000000
-0.00000000
-0.00000000
-0.00000000
-0.08307123
-0.00000000
-0.00000000
-0.00000000
-0.00000000
-0.00000000
-0.00000000
-0.00000000
-0.00000000
-0.00000000
-0.00000000
-0.00000000
-0.00000000
-0.08307123
-0.00000000
-0.00000000
-0.00000000
-0.00000000
-0.00000000
-0.00000000
-0.00000000
-0.00000000
-0.00000000
-0.00000000
-0.00000000
-0.00000000
-0.08307123
-0.00000000
-0.00000000
-0.00000000
-0.00000000
-0.00000000
-0.00000000
-0.00000000
-0.00000000
-0.00000000
-0.00000000
-0.00000000
-0.00000000
-0.08307123
-0.00000000
-0.00000000
-0.00000000
-0.00000000
-0.00000000
-0.00000000
-0.00000000
-0.00000000
-0.00000000
-0.00000000
-0.00000000
-0.00000000
-0.08307123
-0.00000000
-0.00000000
-0.00000000
-0.00000000
-0.00000000
-0.00000000
-0.00000000
-0.00000000
-0.00000000
-0.00000000
-0.00000000
-0.00000000
-0.08307123
-0.00000000
-0.00000000
-0.00000000
-0.00000000
-0.00000000
-0.00000000
-0.00000000
-0.00000000
-0.00000000
-0.00000000
-0.00000000
-0.00000000
-0.08307123
-0.00000000
-0.00000000
-0.00000000
-0.00000000
-0.00000000
-0.00000000
-0.00000000
-0.00000000
-0.00000000
-0.00000000
-0.00000000
-0.00000000
-0.08307123
-0.00000000
-0.00000000
-0.00000000
-0.00000000
-0.00000000
-0.00000000
-0.00000000
-0.00000000
-0.00000000
-0.00000000
-0.00000000
-0.00000000
-0.08307123
0.08307123
0.08307123
0.08307123
0.00000000
0.00000000
0.00000000
0.00000000
0.00000000
0.00000000
0.00000000
0.00000000
0.00000000
0.00000000
0.00000000
0.00000000
0.08307123
0.08307123
0.08307123
0.00000000
0.00000000
0.00000000
0.00000000
0.00000000
0.00000000
0.00000000
0.00000000
0.00000000
0.00000000
0.00000000
0.00000000
0.08307123
0.08307123
0.08307123
0.00000000
0.00000000
0.00000000
0.00000000
0.00000000
0.00000000
0.00000000
0.00000000
0.00000000
0.00000000
0.00000000
0.00000000
0.08307123
0.08307123
0.08307123
-0.08307123
-0.08307123
-0.08307123
-0.00000000
-0.00000000
-0.00000000
-0.00000000
-0.00000000
-0.00000000
-0.00000000
-0.00000000
-0.00000000
-0.00000000
-0.00000000
-0.00000000
-0.08307123
-0.08307123
-0.08307123
-0.00000000
-0.00000000
-0.00000000
-0.00000000
-0.00000000
-0.00000000
-0.00000000
-0.00000000
-0.00000000
-0.00000000
-0.00000000
-0.00000000
-0.08307123
-0.08307123
-0.08307123
-0.00000000
-0.00000000
-0.00000000
-0.00000000
-0.00000000
-0.00000000
-0.00000000
-0.00000000
-0.00000000
-0.00000000
-0.00000000
-0.00000000
-0.08307123
-0.08307123
-0.08307123
