3 3 42 100 9.02269835
0.00250456
-0.00000000
-0.00000000
0.00250141
-0.00000000
-0.00000000
0.00249984
-0.00000000
-0.00000000
-0.00250456
-0.00000000
-0.00000000
-0.00250141
-0.00000000
-0.00000000
-0.00249984
-0.00000000
-0.00000000
-0.99811658
-0.00000000
-0.00000000
0.00125495
-0.00000000
-0.00000000
0.00062728
-0.00000000
-0.00000000
0.99811658
-0.00000000
-0.00000000
-0.00125495
-0.00000000
-0.00000000
-0.00062728
-0.00000000
-0.00000000
-0.99811658
0.00125495
0.00062728
0.99811658
-0.00125495
-0.00062728
-0.00000000
0.00250456
-0.00000000
-0.00000000
0.00250141
-0.00000000
-0.00000000
0.00249984
-0.00000000
-0.00000000
-0.00250456
-0.00000000
-0.00000000
-0.00250141
-0.00000000
-0.00000000
-0.00249984
-0.00000000
-0.00000000
-0.99811658
-0.00000000
-0.00000000
0.00125495
-0.00000000
-0.00000000
0.00062728
-0.00000000
-0.00000000
0.99811658
-0.00000000
-0.00000000
-0.00125495
-0.00000000
-0.00000000
-0.00062728
-0.00000000
-0.99811658
0.00125495
0.00062728
0.99811658
-0.00125495
-0.00062728
-0.00000000
-0.00000000
0.00250456
-0.00000000
-0.00000000
0.00250141
-0.00000000
-0.00000000
0.00249984
-0.00000000
-0.00000000
-0.00250456
-0.00000000
-0.00000000
-0.00250141
-0.00000000
-0.00000000
-0.00249984
-0.00000000
-0.00000000
-0.99811658
-0.00000000
-0.00000000
0.00125495
-0.00000000
-0.00000000
0.00062728
-0.00000000
-0.00000000
0.99811658
-0.00000000
-0.00000000
-0.00125495
-0.00000000
-0.00000000
-0.00062728
-0.99811658
0.00125495
0.00062728
0.99811658
-0.00125495
-0.00062728
-0.00000315
-0.00000000
-0.00000000
0.00250298
-0.00000000
-0.00000000
0.00250141
-0.00000000
-0.00000000
0.00000315
-0.00000000
-0.00000000
-0.00250298
-0.00000000
-0.00000000
-0.00250141
-0.00000000
-0.00000000
0.00125495
-0.00000000
-0.00000000
-0.99874426
-0.00000000
-0.00000000
0.00062767
-0.00000000
-0.00000000
-0.00125495
-0.00000000
-0.00000000
0.99874426
-0.00000000
-0.00000000
-0.00062767
-0.00000000
-0.00000000
0.00125495
-0.99874426
0.00062767
-0.00125495
0.99874426
-0.00062767
-0.00000000
-0.00000315
-0.00000000
-0.00000000
0.00250298
-0.00000000
-0.00000000
0.00250141
-0.00000000
-0.00000000
0.00000315
-0.00000000
-0.00000000
-0.00250298
-0.00000000
-0.00000000
-0.00250141
-0.00000000
-0.00000000
0.00125495
-0.00000000
-0.00000000
-0.99874426
-0.00000000
-0.00000000
0.00062767
-0.00000000
-0.00000000
-0.00125495
-0.00000000
-0.00000000
0.99874426
-0.00000000
-0.00000000
-0.00062767
-0.00000000
0.00125495
-0.99874426
0.00062767
-0.00125495
0.99874426
-0.00062767
-0.00000000
-0.00000000
-0.00000315
-0.00000000
-0.00000000
0.00250298
-0.00000000
-0.00000000
0.00250141
-0.00000000
-0.00000000
0.00000315
-0.00000000
-0.00000000
-0.00250298
-0.00000000
-0.00000000
-0.00250141
-0.00000000
-0.00000000
0.00125495
-0.00000000
-0.00000000
-0.99874426
-0.00000000
-0.00000000
0.00062767
-0.00000000
-0.00000000
-0.00125495
-0.00000000
-0.00000000
0.99874426
-0.00000000
-0.00000000
-0.00062767
0.00125495
-0.99874426
0.00062767
-0.00125495
0.99874426
-0.00062767
-0.00000157
-0.00000000
-0.00000000
-0.00000315
-0.00000000
-0.00000000
0.00250456
-0.00000000
-0.00000000
0.00000157
-0.00000000
-0.00000000
0.00000315
-0.00000000
-0.00000000
-0.00250456
-0.00000000
-0.00000000
0.00062728
-0.00000000
-0.00000000
0.00062767
-0.00000000
-0.00000000
-0.99937154
-0.00000000
-0.00000000
-0.00062728
-0.00000000
-0.00000000
-0.00062767
-0.00000000
-0.00000000
0.99937154
-0.00000000
-0.00000000
0.00062728
0.00062767
-0.99937154
-0.00062728
-0.00062767
0.99937154
-0.00000000
-0.00000157
-0.00000000
-0.00000000
-0.00000315
-0.00000000
-0.00000000
0.00250456
-0.00000000
-0.00000000
0.00000157
-0.00000000
-0.00000000
0.00000315
-0.00000000
-0.00000000
-0.00250456
-0.00000000
-0.00000000
0.00062728
-0.00000000
-0.00000000
0.00062767
-0.00000000
-0.00000000
-0.99937154
-0.00000000
-0.00000000
-0.00062728
-0.00000000
-0.00000000
-0.00062767
-0.00000000
-0.00000000
0.99937154
-0.00000000
0.00062728
0.00062767
-0.99937154
-0.00062728
-0.00062767
0.99937154
-0.00000000
-0.00000000
-0.00000157
-0.00000000
-0.00000000
-0.00000315
-0.00000000
-0.00000000
0.00250456
-0.00000000
-0.00000000
0.00000157
-0.00000000
-0.00000000
0.00000315
-0.00000000
-0.00000000
-0.00250456
-0.00000000
-0.00000000
0.00062728
-0.00000000
-0.00000000
0.00062767
-0.00000000
-0.00000000
-0.99937154
-0.00000000
-0.00000000
-0.00062728
-0.00000000
-0.00000000
-0.00062767
-0.00000000
-0.00000000
0.99937154
0.00062728
0.00062767
-0.99937154
-0.00062728
-0.00062767
0.99937154
-0.23622539
-0.30457943
0.27997634
-0.15740101
-0.20294647
0.18655301
-0.07867574
-0.10144130
0.09324715
-0.00027811
0.00000000
0.00000000
-0.00027811
0.00000000
0.00000000
-0.00027811
0.00000000
0.00000000
0.00027811
-0.00000000
-0.00000000
0.00027811
-0.00000000
-0.00000000
0.00027811
-0.00000000
-0.00000000
0.11083159
0.00000000
0.00000000
0.00000000
0.00000000
0.00000000
0.00000000
0.00000000
0.00000000
-0.11083159
-0.00000000
-0.00000000
-0.00000000
-0.00000000
-0.00000000
-0.00000000
-0.00000000
-0.00000000
0.11083159
0.00000000
0.00000000
-0.11083159
-0.00000000
-0.00000000
0.00000000
-0.00027811
0.00000000
0.00000000
-0.00027811
0.00000000
0.00000000
-0.00027811
0.00000000
-0.00000000
0.00027811
-0.00000000
-0.00000000
0.00027811
-0.00000000
-0.00000000
0.00027811
-0.00000000
0.00000000
0.11083159
0.00000000
0.00000000
0.00000000
0.00000000
0.00000000
0.00000000
0.00000000
-0.00000000
-0.11083159
-0.00000000
-0.00000000
-0.00000000
-0.00000000
-0.00000000
-0.00000000
-0.00000000
0.11083159
0.00000000
0.00000000
-0.11083159
-0.00000000
-0.00000000
0.00000000
0.00000000
-0.00027811
0.00000000
0.00000000
-0.00027811
0.00000000
0.00000000
-0.00027811
-0.00000000
-0.00000000
0.00027811
-0.00000000
-0.00000000
0.00027811
-0.00000000
-0.00000000
0.00027811
0.00000000
0.00000000
0.11083159
0.00000000
0.00000000
0.00000000
0.00000000
0.00000000
0.00000000
-0.00000000
-0.00000000
-0.11083159
-0.00000000
-0.00000000
-0.00000000
-0.00000000
-0.00000000
-0.00000000
0.11083159
0.00000000
0.00000000
-0.11083159
-0.00000000
-0.00000000
0.00000000
0.00000000
0.00000000
-0.00027811
0.00000000
0.00000000
-0.00027811
0.00000000
0.00000000
-0.00000000
-0.00000000
-0.00000000
0.00027811
-0.00000000
-0.00000000
0.00027811
-0.00000000
-0.00000000
0.00000000
0.00000000
0.00000000
0.11083159
0.00000000
0.00000000
0.00000000
0.00000000
0.00000000
-0.00000000
-0.00000000
-0.00000000
-0.11083159
-0.00000000
-0.00000000
-0.00000000
-0.00000000
-0.00000000
0.00000000
0.11083159
0.00000000
-0.00000000
-0.11083159
-0.00000000
0.00000000
0.00000000
0.00000000
0.00000000
-0.00027811
0.00000000
0.00000000
-0.00027811
0.00000000
-0.00000000
-0.00000000
-0.00000000
-0.00000000
0.00027811
-0.00000000
-0.00000000
0.00027811
-0.00000000
0.00000000
0.00000000
0.00000000
0.00000000
0.11083159
0.00000000
0.00000000
0.00000000
0.00000000
-0.00000000
-0.00000000
-0.00000000
-0.00000000
-0.11083159
-0.00000000
-0.00000000
-0.00000000
-0.00000000
0.00000000
0.11083159
0.00000000
-0.00000000
-0.11083159
-0.00000000
0.00000000
0.00000000
0.00000000
0.00000000
0.00000000
-0.00027811
0.00000000
0.00000000
-0.00027811
-0.00000000
-0.00000000
-0.00000000
-0.00000000
-0.00000000
0.00027811
-0.00000000
-0.00000000
0.00027811
0.00000000
0.00000000
0.00000000
0.00000000
0.00000000
0.11083159
0.00000000
0.00000000
0.00000000
-0.00000000
-0.00000000
-0.00000000
-0.00000000
-0.00000000
-0.11083159
-0.00000000
-0.00000000
-0.00000000
0.00000000
0.11083159
0.00000000
-0.00000000
-0.11083159
-0.00000000
0.00000000
0.00000000
0.00000000
0.00000000
0.00000000
0.00000000
-0.00027811
0.00000000
0.00000000
-0.00000000
-0.00000000
-0.00000000
-0.00000000
-0.00000000
-0.00000000
0.00027811
-0.00000000
-0.00000000
0.00000000
0.00000000
0.00000000
0.00000000
0.00000000
0.00000000
0.11083159
0.00000000
0.00000000
-0.00000000
-0.00000000
-0.00000000
-0.00000000
-0.00000000
-0.00000000
-0.11083159
-0.00000000
-0.00000000
0.00000000
0.00000000
0.11083159
-0.00000000
-0.00000000
-0.11083159
0.00000000
0.00000000
0.00000000
0.00000000
0.00000000
0.00000000
0.00000000
-0.00027811
0.00000000
-0.00000000
-0.00000000
-0.00000000
-0.00000000
-0.00000000
-0.00000000
-0.00000000
0.00027811
-0.00000000
0.00000000
0.00000000
0.00000000
0.00000000
0.00000000
0.00000000
0.00000000
0.11083159
0.00000000
-0.00000000
-0.00000000
-0.00000000
-0.00000000
-0.00000000
-0.00000000
-0.00000000
-0.11083159
-0.00000000
0.00000000
0.00000000
0.11083159
-0.00000000
-0.00000000
-0.11083159
0.00000000
0.00000000
0.00000000
0.00000000
0.00000000
0.00000000
0.00000000
0.00000000
-0.00027811
-0.00000000
-0.00000000
-0.00000000
-0.00000000
-0.00000000
-0.00000000
-0.00000000
-0.00000000
0.00027811
0.00000000
0.00000000
0.00000000
0.00000000
0.00000000
0.00000000
0.00000000
0.00000000
0.11083159
-0.00000000
-0.00000000
-0.00000000
-0.00000000
-0.00000000
-0.00000000
-0.00000000
-0.00000000
-0.11083159
0.00000000
0.00000000
0.11083159
-0.00000000
-0.00000000
-0.11083159
-0.02053447
-0.01044123
-0.09675744
-0.02053447
-0.01044123
-0.09675744
-0.02053447
-0.01044123
-0.09675744
-0.09029712
-0.10039036
-0.01407415
-0.09029712
-0.10039036
-0.01407415
-0.09029712
-0.10039036
-0.01407415
-0.03324948
-0.03324948
-0.03324948
-0.03324948
-0.03324948
-0.03324948
-0.03324948
-0.03324948
-0.03324948
-0.03324948
-0.03324948
-0.03324948
-0.03324948
-0.03324948
-0.03324948
-0.03324948
-0.03324948
-0.03324948
-0.00000000
-0.00000000
-0.00000000
-0.00000000
-0.00000000
-0.00000000
1.00000000
0.61803399
0.45588678
0.36366396
0.30350122
0.26091938
0.22909094
0.20434763
0.18453252
0.16829020
0.15472414
0.14321667
0.13332788
0.12473565
0.11719852
0.11053182
0.10459185
0.09926505
0.09446046
0.09010437
0.08613637
0.08250648
0.07917300
0.07610083
0.07326023
0.07062583
0.06817585
0.06589147
0.06375638
0.06175633
0.05987884
0.05811293
0.05644890
0.05487815
0.05339299
0.05198661
0.05065287
0.04938625
0.04818181
0.04703504
0.04594190
0.04489869
0.04390206
0.04294894
0.04203653
0.04116228
0.04032383
0.03951902
0.03874586
0.03800251
0.03728727
0.03659858
0.03593498
0.03529512
0.03467774
0.03408168
0.03350585
0.03294923
0.03241088
0.03188990
0.03138547
0.03089681
0.03042319
0.02996393
0.02951837
0.02908592
0.02866600
0.02825807
0.02786163
0.02747620
0.02710132
0.02673657
0.02638154
0.02603584
0.02569911
0.02537101
0.02505121
0.02473939
0.02443527
0.02413855
0.02384897
0.02356628
0.02329023
0.02302059
0.02275715
0.02249967
0.02224798
0.02200187
0.02176116
0.02152567
0.02129524
0.02106971
0.02084891
0.02063270
0.02042095
0.02021351
0.02001024
0.01981104
0.01961577
0.01942433
0.00000000
0.00000000
0.00000000
0.28175353
0.43404278
0.53106381
0.59877859
0.64892333
0.68764585
0.71849985
0.74369105
0.76466472
0.78240924
0.79762438
0.81081998
0.82237664
0.83258438
0.84166823
0.84980552
0.85713795
0.86378012
0.86982578
0.87535234
0.88042432
0.88509591
0.88941301
0.89341471
0.89713454
0.90060143
0.90384045
0.90687346
0.90971961
0.91239573
0.91491668
0.91729563
0.91954431
0.92167318
0.92369160
0.92560798
0.92742990
0.92916420
0.93081708
0.93239416
0.93390055
0.93534093
0.93671955
0.93804031
0.93930679
0.94052229
0.94168983
0.94281220
0.94389198
0.94493156
0.94593314
0.94689879
0.94783040
0.94872975
0.94959849
0.95043816
0.95125021
0.95203596
0.95279669
0.95353358
0.95424772
0.95494017
0.95561189
0.95626381
0.95689679
0.95751164
0.95810914
0.95869001
0.95925494
0.95980457
0.96033953
0.96086039
0.96136770
0.96186198
0.96234374
0.96281344
0.96327154
0.96371845
0.96415458
0.96458033
0.96499605
0.96540209
0.96579880
0.96618649
0.96656546
0.96693601
0.96729841
0.96765294
0.96799984
0.96833935
0.96867173
0.96899717
0.96931591
0.96962815
0.96993407
0.97023389
0.97052776
