30 30 3660 0.03593498
0.57301761
-0.08568029
0.26080751
-0.68680702
-1.20193898
-0.15931732
-0.52020599
0.69222712
0.66839105
0.32741470
-1.21785598
-1.55917178
0.03952287
-0.70790160
1.15353803
1.28005585
-0.75115039
0.73097288
1.02151917
0.12383293
0.98464351
1.16671492
0.01563962
0.51010051
0.07734279
-1.54605654
-0.25242301
0.25917537
-0.04686609
-0.48992423
0.55296798
-0.08234520
0.25117620
-0.66246205
-1.15801608
-0.15310353
-0.50210709
0.66764135
0.64471187
0.31675941
-1.17332861
-1.50168394
0.03796599
-0.68275366
1.11142527
1.23313874
-0.72435678
0.70491389
0.98442035
0.11901332
0.94894542
1.12410174
0.01501433
0.49244824
0.07431629
-1.48906668
-0.24256943
0.24958196
-0.04504837
-0.47289939
0.53319550
-0.07906584
0.24153488
-0.63845588
-1.11468058
-0.14699002
-0.48424039
0.64339025
0.62135586
0.30626290
-1.12939633
-1.44495595
0.03642780
-0.65795469
1.06986983
1.18684001
-0.69793300
0.67920828
0.94781513
0.11425556
0.91372312
1.08205223
0.01439417
0.47504278
0.07132843
-1.43283033
-0.23287246
0.23998474
-0.04326289
-0.45609250
0.51368476
-0.07584575
0.23191753
-0.61478204
-1.07191638
-0.14097856
-0.46659859
0.61945617
0.59830582
0.29591439
-1.08604271
-1.38896498
0.03490209
-0.63349783
1.02884540
1.14113099
-0.67187139
0.65383765
0.91167967
0.10955263
0.87895348
1.04053984
0.01377347
0.45786990
0.06837307
-1.37732491
-0.22333162
0.23042083
-0.04151415
-0.43949534
0.49442360
-0.07268545
0.22234738
-0.59143110
-1.02970448
-0.13506789
-0.44916974
0.59582473
0.57554780
0.28568280
-1.04324850
-1.33368544
0.03338589
-0.60937328
0.98832905
1.09598641
-0.64616134
0.62878692
0.87599350
0.10489929
0.84461670
0.99954141
0.01314941
0.44091860
0.06544605
-1.32252509
-0.21394342
0.22090567
-0.03980357
-0.42308699
0.47541665
-0.06956871
0.21284995
-0.56837714
-0.98800954
-0.12924006
-0.43191692
0.57249838
0.55308470
0.27469812
-1.00097803
-1.27907543
0.03189286
-0.58555470
0.94831478
1.05139795
-0.62077573
0.60405781
0.84075302
0.10030843
0.81070988
0.95905069
0.01253584
0.42419466
0.06256074
-1.26838920
-0.20468772
0.21146442
-0.03811585
-0.40684154
0.45667277
-0.06647373
0.20345201
-0.54559026
-0.94679231
-0.12347157
-0.41481429
0.54948382
0.53092365
0.26320883
-0.95919180
-1.22508926
0.03044195
-0.56201182
0.90880096
1.00736167
-0.59568350
0.57965634
0.80595899
0.09579786
0.77723441
0.91906580
0.01195220
0.40770811
0.05973597
-1.21487178
-0.19553886
0.20212333
-0.03643009
-0.39072938
0.43816294
-0.06341849
0.19413763
-0.52307871
-0.90605182
-0.11777870
-0.39786429
0.52674990
0.50903391
0.25155367
-0.91788853
-1.17171956
0.02901233
-0.53875251
0.86974815
0.96383591
-0.57089173
0.55555064
0.77157434
0.09134631
0.74415391
0.87954709
0.01137821
0.39143104
0.05695074
-1.16196570
-0.18651101
0.19286599
-0.03476515
-0.37475172
0.41986641
-0.06041362
0.18489595
-0.50084272
-0.86577918
-0.11217043
-0.38105983
0.50427373
0.48739304
0.23984986
-0.87705905
-1.11895112
0.02759053
-0.51577663
0.83112532
0.92078736
-0.54639954
0.53171716
0.73757037
0.08693987
0.71144032
0.84046326
0.01080094
0.37534381
0.05419093
-1.10965598
-0.17761104
0.18368197
-0.03313254
-0.35890052
0.40177064
-0.05746077
0.17572443
-0.47887244
-0.82595762
-0.10664675
-0.36437309
0.48204070
0.46598683
0.22815210
-0.83668631
-1.06676090
0.02617213
-0.49307607
0.79290974
0.87819110
-0.52219804
0.50814060
0.70392668
0.08257356
0.67907388
0.80179139
0.01021650
0.35943501
0.05145126
-1.05791981
-0.16883686
0.17456894
-0.03153476
-0.34314759
0.38386466
-0.05456027
0.16662258
-0.45712891
-0.78656911
-0.10120642
-0.34778537
0.46003775
0.44480264
0.21648646
-0.79675202
-1.01512467
0.02475403
-0.47063980
0.75508037
0.83602387
-0.49827704
0.48480722
0.67062450
0.07824303
0.64703647
0.76351017
0.00962231
0.34369475
0.04872781
-1.00673320
-0.16018518
0.16552518
-0.02997302
-0.32746776
0.36613593
-0.05171456
0.15758533
-0.43556876
-0.74759751
-0.09585024
-0.33127279
0.43825030
0.42382629
0.20486500
-0.75723975
-0.96402017
0.02333109
-0.44842503
0.71761467
0.79426097
-0.47462815
0.46170177
0.63764357
0.07394133
0.61530847
0.72559686
0.00901374
0.32811157
0.04601461
-0.95607409
-0.15165480
0.15654610
-0.02845058
-0.31182619
0.34857000
-0.04892837
0.14860698
-0.41416388
-0.70902889
-0.09058136
-0.31478481
0.41666184
0.40304171
0.19329168
-0.71813529
-0.91342735
0.02189588
-0.42638277
0.68048829
0.75287590
-0.45124108
0.43880710
0.60496179
0.06965924
0.58386840
0.68802689
0.00838390
0.31267211
0.04330343
-0.90592268
-0.14324685
0.14762556
-0.02697301
-0.29616980
0.33114520
-0.04621378
0.13967399
-0.39289032
-0.67085677
-0.08541032
-0.29826375
0.39524871
0.38242561
0.18176044
-0.67943192
-0.86333375
0.02043366
-0.40448824
0.64366977
0.71183506
-0.42806044
0.41609888
0.57254993
0.06538021
0.55268765
0.65076856
0.00771854
0.29735576
0.04057872
-0.85626671
-0.13496990
0.13875024
-0.02555322
-0.28017834
0.31383703
-0.04358637
0.13076886
-0.37172258
-0.63307782
-0.08035113
-0.28140584
0.37398441
0.36195190
0.17025944
-0.64112603
-0.81373002
0.01892623
-0.38271336
0.60712488
0.67110209
-0.40503147
0.39354996
0.54037596
0.06108427
0.52173481
0.61378743
0.00699996
0.28111447
0.03782147
-0.80709706
-0.12683601
0.12990241
-0.02420760
-0.26304675
0.29668993
-0.04098863
0.12194380
-0.35055192
-0.59562003
-0.07534477
-0.26323702
0.35291137
0.34166341
0.15885010
-0.60314533
-0.76453822
0.01742848
-0.36095160
0.57088838
0.63070966
-0.38205408
0.37120213
0.50847684
0.05682456
0.49104746
0.57711803
0.00628356
0.26322909
0.03508581
-0.75833601
-0.11878422
0.12113411
-0.02287946
-0.24607118
0.27802392
-0.03839034
0.11322189
-0.32926070
-0.55843835
-0.07035949
-0.24519737
0.33204530
0.32157623
0.14756404
-0.56544454
-0.71570743
0.01596808
-0.33909997
0.53496837
0.59066378
-0.35902171
0.34907045
0.47686284
0.05262700
0.46063647
0.54076825
0.00559748
0.24503703
0.03239861
-0.70993286
-0.11078085
0.11246846
-0.02153935
-0.22922418
0.25779544
-0.03578494
0.10460255
-0.30772559
-0.52151100
-0.06538722
-0.22728083
0.31137890
0.30168347
0.13640215
-0.52800159
-0.66721000
0.01454901
-0.31704014
0.49934999
0.55094753
-0.33584794
0.32714700
0.44552129
0.04849385
0.43048977
0.50472302
0.00494621
0.22680357
0.02976309
-0.66186016
-0.10281595
0.10390490
-0.02018153
-0.21249022
0.23730033
-0.03320443
0.09604671
-0.28551534
-0.48485086
-0.06045849
-0.20950975
0.29055852
0.28027709
0.12532378
-0.49082912
-0.61905303
0.01313674
-0.29458898
0.46398398
0.51150958
-0.31240657
0.30538938
0.41440505
0.04438888
0.40056083
0.46893286
0.00429568
0.20859682
0.02714395
-0.61412523
-0.09491816
0.09540440
-0.01883877
-0.19589243
0.21686775
-0.03055536
0.08764081
-0.26128700
-0.44835323
-0.05547836
-0.19178114
0.26651548
0.25665088
0.11441379
-0.45382215
-0.57112601
0.01182220
-0.27011553
0.42893894
0.47241649
-0.28821215
0.28234881
0.38358486
0.04040132
0.37092099
0.43346617
0.00373733
0.19056820
0.02463137
-0.56661777
-0.08699066
0.08705343
-0.01741842
-0.17932852
0.19656070
-0.02787993
0.07933570
-0.23717637
-0.41205235
-0.05048755
-0.17412767
0.24181083
0.23276892
0.10362144
-0.41701469
-0.52345745
0.01056072
-0.24518472
0.39414475
0.43359609
-0.26161091
0.25647672
0.35299272
0.03648481
0.34150282
0.39825258
0.00322694
0.17270104
0.02217990
-0.51936652
-0.07907233
0.07880289
-0.01596341
-0.16283190
0.17639100
-0.02520475
0.07109785
-0.21319777
-0.37593449
-0.04551123
-0.15656653
0.21705951
0.20892264
0.09291165
-0.38040755
-0.47604550
0.00932318
-0.22039098
0.35956190
0.39500687
-0.23514522
0.23029109
0.32259124
0.03260857
0.31226955
0.36325241
0.00273588
0.15495991
0.01975970
-0.47236981
-0.07118648
0.07061927
-0.01450117
-0.14642052
0.15638079
-0.02249701
0.06295318
-0.18930498
-0.33936025
-0.04051515
-0.13905556
0.19246634
0.18524642
0.08230877
-0.34346318
-0.42882594
0.00813995
-0.19568759
0.32521348
0.35666990
-0.20877917
0.20420811
0.29177769
0.02880129
0.28093630
0.32848853
0.00229497
0.13736478
0.01740036
-0.42556364
-0.06329704
0.06252854
-0.01299962
-0.13005291
0.13672825
-0.01954423
0.05510737
-0.16527218
-0.30110808
-0.03528536
-0.12137293
0.16825357
0.16194605
0.07201694
-0.30492999
-0.38157947
0.00722105
-0.17084820
0.29022894
0.31876154
-0.18228536
0.17851149
0.25553571
0.02527135
0.24575707
0.29358704
0.00211472
0.12011536
0.01531120
-0.37872893
-0.05518824
0.05473639
-0.01124705
-0.11350797
0.11738899
-0.01637658
0.04752344
-0.14111627
-0.25797545
-0.02985061
-0.10353954
0.14437391
0.13897483
0.06199763
-0.26159284
-0.33392479
0.00653387
-0.14588921
0.24908756
0.27780059
-0.15567915
0.15315446
0.21909021
0.02198451
0.21071543
0.25208204
0.00216297
0.10316874
0.01345885
-0.33139149
-0.04688701
0.04720589
-0.00927439
-0.09680732
0.09796477
-0.01337810
0.03981056
-0.11720808
-0.21447852
-0.02459352
-0.08593021
0.12042630
0.11593225
0.05185849
-0.21748954
-0.28208757
0.00569194
-0.12118094
0.20758714
0.23152782
-0.12932982
0.12773499
0.18261815
0.01855264
0.17564720
0.21007969
0.00205373
0.08612822
0.01145611
-0.27960450
-0.03877416
0.03954624
-0.00746643
-0.08032649
0.07830122
-0.01068907
0.03182173
-0.09367471
-0.17141767
-0.01965295
-0.06867602
0.09625349
0.09266164
0.04145098
-0.17382421
-0.22545389
0.00455258
-0.09685000
0.16591639
0.18505088
-0.10336296
0.10209493
0.14596004
0.01483143
0.14038855
0.16790856
0.00164475
0.06884091
0.00915956
-0.22346931
-0.03098676
0.03161047
-0.00596419
-0.06419727
0.05868475
-0.00800898
0.02385072
-0.07020253
-0.12846697
-0.01472696
-0.05146728
0.07213907
0.06944716
0.03106735
-0.13027055
-0.16896439
0.00341386
-0.07258226
0.12434791
0.13868824
-0.07746339
0.07651694
0.10939163
0.01111734
0.10521607
0.12584093
0.00123459
0.05159472
0.00686656
-0.16747705
-0.02322108
0.02369239
-0.00446793
-0.04811068
0.03910357
-0.00533560
0.01589306
-0.04677623
-0.08559881
-0.00981190
-0.03429260
0.04806842
0.04627475
0.02070163
-0.08680057
-0.11258294
0.00227564
-0.04836188
0.08285605
0.09241126
-0.05161426
0.05098546
0.07289043
0.00740860
0.07010819
0.08385088
0.00082355
0.03437937
0.00457623
-0.11159189
-0.01547168
0.01578756
-0.00297613
-0.03205605
0.01954591
-0.00266668
0.00794431
-0.02338048
-0.04278566
-0.00490413
-0.01714063
0.02402692
0.02313037
0.01034783
-0.04338635
-0.05627347
0.00113774
-0.02417305
0.04141527
0.04619136
-0.02579873
0.02548498
0.03643402
0.00370341
0.03504334
0.04191252
0.00041192
0.01718455
0.00228767
-0.05577811
-0.00773313
0.00789157
-0.00148732
-0.01602270
0.49571704
-0.11323423
0.23583211
-0.63874451
-1.06085558
-0.18687126
-0.50257927
0.59314440
0.57364812
0.29685709
-1.07390696
-1.35379838
0.01197364
-0.65600980
0.97107266
1.07480509
-0.69141532
0.62484854
0.86285130
0.09640743
0.83262955
0.98187467
-0.01191366
0.44441816
0.04981849
-1.34304275
-0.27997695
0.23410224
-0.07442003
-0.47788481
0.48067861
-0.10903390
0.22638634
-0.61878000
-1.02543089
-0.17979223
-0.48754437
0.57452376
0.55574341
0.28923847
-1.03800494
-1.30766192
0.01127921
-0.63541119
0.93861135
1.03854993
-0.66951715
0.60506451
0.83434935
0.09241221
0.80523371
0.94901819
-0.01167426
0.43127302
0.04764458
-1.29729952
-0.26925813
0.22472410
-0.07173707
-0.46369155
0.46578429
-0.10493326
0.21705208
-0.59908232
-0.99041219
-0.17285745
-0.47270899
0.55607926
0.53800842
0.28169925
-1.00251321
-1.26202811
0.01056083
-0.61508510
0.90645073
1.00262970
-0.64790316
0.58546705
0.80611241
0.08844414
0.77809292
0.91646597
-0.01147327
0.41825516
0.04546963
-1.25205539
-0.25873989
0.21545642
-0.06913032
-0.44968868
0.45104802
-0.10091246
0.20784073
-0.57962617
-0.95576911
-0.16604527
-0.45804564
0.53782365
0.52045615
0.27425581
-0.96740125
-1.21686306
0.00983534
-0.59500601
0.87459906
0.96705138
-0.62654740
0.56606856
0.77815001
0.08451800
0.75121707
0.88422612
-0.01129325
0.40537915
0.04330955
-1.20727661
-0.24839832
0.20631064
-0.06658086
-0.43584758
0.43647978
-0.09695531
0.19876014
-0.56039027
-0.92147536
-0.15933775
-0.44352919
0.51976576
0.50309565
0.26571713
-0.93264261
-1.17213701
0.00911594
-0.57515245
0.84306063
0.93181805
-0.60542798
0.54687745
0.75046774
0.08064496
0.72461210
0.85230282
-0.01112046
0.39265559
0.04117663
-1.16293353
-0.23821327
0.19729466
-0.06407343
-0.42213397
0.42222412
-0.09290917
0.18995473
-0.54121891
-0.88737019
-0.15258052
-0.42899183
0.50204900
0.48607056
0.25400183
-0.89807640
-1.12768573
0.00855231
-0.55536849
0.81197437
0.89706740
-0.58438855
0.52803676
0.72320581
0.07697274
0.69841860
0.82083487
-0.01080463
0.38022965
0.03921967
-1.11886205
-0.22802818
0.18855294
-0.06145631
-0.40838922
0.40816941
-0.08887350
0.18131695
-0.52221266
-0.85354921
-0.14587133
-0.41453540
0.48456054
0.46926829
0.24249448
-0.86379806
-1.08360137
0.00804209
-0.53575450
0.78122300
0.86268093
-0.56352907
0.50943331
0.69624823
0.07339701
0.67252090
0.78970485
-0.01044757
0.36799028
0.03733543
-1.07515447
-0.21793863
0.17997796
-0.05882986
-0.39471124
0.39423676
-0.08492233
0.17276479
-0.50343943
-0.82007535
-0.13928254
-0.40021971
0.46722037
0.45260905
0.23111128
-0.82987038
-1.03994345
0.00750840
-0.51637819
0.75072205
0.82857297
-0.54291682
0.49098669
0.66951179
0.06983896
0.64683618
0.75882819
-0.01012564
0.35585924
0.03544615
-1.03187040
-0.20801485
0.17148777
-0.05626899
-0.38115751
0.38043523
-0.08104322
0.16430284
-0.48487932
-0.78692377
-0.13280002
-0.38601455
0.45003638
0.43610098
0.21985502
-0.79626835
-0.99668367
0.00696085
-0.49721944
0.72047501
0.79474576
-0.52253127
0.47270444
0.64300125
0.06630630
0.62136954
0.72820822
-0.00982867
0.34384617
0.03356062
-0.98898169
-0.19824063
0.16308698
-0.05376213
-0.36769542
0.36677280
-0.07722267
0.15593681
-0.46651190
-0.75407079
-0.12640866
-0.37187651
0.43301544
0.41975115
0.20872965
-0.76296815
-0.95379497
0.00641015
-0.47825931
0.69048430
0.76120055
-0.50235305
0.45459304
0.61672029
0.06280785
0.59612501
0.69784726
-0.00954541
0.33195966
0.03168869
-0.94646139
-0.18859877
0.15478134
-0.05129666
-0.35427857
0.35324712
-0.07345740
0.14766230
-0.44830517
-0.72150319
-0.12010355
-0.35778133
0.41615404
0.40355629
0.19772905
-0.72995641
-0.91126071
0.00585682
-0.45948800
0.66074206
0.72792826
-0.48237324
0.43664862
0.59066230
0.05934228
0.57109633
0.66773731
-0.00927484
0.32019795
0.02983004
-0.90429301
-0.17908232
0.14656649
-0.04887015
-0.34087282
0.33984865
-0.06975205
0.13946711
-0.43022797
-0.68921504
-0.11388772
-0.34370224
0.39944151
0.38750597
0.18683929
-0.69722705
-0.86907160
0.00529353
-0.44087641
0.63123325
0.69491264
-0.46259018
0.41886015
0.56481349
0.05590043
0.54627007
0.63786321
-0.00902375
0.30855213
0.02797652
-0.86246735
-0.16969228
0.13843028
-0.04648806
-0.32743313
0.32656430
-0.06611541
0.13133493
-0.41226113
-0.65720411
-0.10776840
-0.32957810
0.38286364
0.37158618
0.17604238
-0.66477767
-0.82722202
0.00470877
-0.42239043
0.60193928
0.66213392
-0.44300269
0.40121303
0.53915652
0.05246898
0.52162923
0.60820625
-0.00880315
0.29700968
0.02611581
-0.82097895
-0.16043389
0.13035643
-0.04416005
-0.31388406
0.31334684
-0.06259159
0.12321426
-0.39441444
-0.62550237
-0.10178813
-0.31534989
0.36637207
0.35574879
0.16528512
-0.63264012
-0.78574060
0.00405579
-0.40404084
0.57280746
0.62953823
-0.42360180
0.38365856
0.51363994
0.04899937
0.49712270
0.57871361
-0.00865928
0.28552396
0.02420037
-0.77985653
-0.15134771
0.12229347
-0.04193103
-0.29902808
0.30024289
-0.05913305
0.11514531
-0.37659660
-0.59404808
-0.09589782
-0.29981446
0.35001231
0.34003955
0.15460606
-0.60075249
-0.74456224
0.00337949
-0.38573596
0.54387897
0.59716555
-0.40427870
0.36624187
0.48830617
0.04553474
0.47279326
0.54942635
-0.00854673
0.26917905
0.02227428
-0.73903514
-0.14238270
0.11428163
-0.03975429
-0.28090090
0.28719901
-0.05577270
0.10708790
-0.35879732
-0.56287965
-0.09012884
-0.28068598
0.33372978
0.32440409
0.14396341
-0.56915305
-0.70372203
0.00264436
-0.36747044
0.51509494
0.56495584
-0.38503892
0.34890802
0.46309756
0.04203784
0.44858360
0.52028547
-0.00850051
0.25103020
0.02030128
-0.69854997
-0.13356828
0.10628081
-0.03766352
-0.26301153
0.26795324
-0.05227720
0.09926818
-0.34068469
-0.53176221
-0.08424635
-0.26156398
0.31774332
0.30906148
0.13358165
-0.53760679
-0.66298178
0.00208116
-0.34893346
0.48666989
0.53312243
-0.36557734
0.33187551
0.43822988
0.03873766
0.42470982
0.49150538
-0.00828939
0.23320967
0.01851131
-0.65816296
-0.12466771
0.09851716
-0.03542622
-0.24511751
0.24770337
-0.04881853
0.09150705
-0.32227072
-0.50086364
-0.07842082
-0.24261058
0.30186912
0.29382813
0.12328010
-0.50628142
-0.62250603
0.00151536
-0.33015634
0.45841574
0.50147607
-0.34597465
0.31496014
0.41351625
0.03545797
0.40098541
0.46289787
-0.00808740
0.21553207
0.01672909
-0.61803878
-0.11584955
0.09081164
-0.03321513
-0.22738175
0.22777217
-0.04522789
0.08396626
-0.30218500
-0.46999461
-0.07248195
-0.22364724
0.28417079
0.27287220
0.11321888
-0.47498748
-0.58210216
0.00111323
-0.31063909
0.43050170
0.47018481
-0.32584731
0.29833506
0.38912712
0.03236331
0.37758114
0.43463202
-0.00772779
0.19815289
0.01512011
-0.57798492
-0.10694162
0.08332601
-0.03086224
-0.20962644
0.20811487
-0.04153526
0.07660880
-0.27651787
-0.43920081
-0.06645826
-0.20469424
0.25968966
0.24935745
0.10335942
-0.44377051
-0.54181256
0.00084226
-0.28566287
0.40286205
0.43918175
-0.30440502
0.27650511
0.36499800
0.02941949
0.35443286
0.40664202
-0.00724257
0.18102894
0.01365113
-0.53804391
-0.09797056
0.07602331
-0.02839831
-0.19187265
0.18843818
-0.03801920
0.06914915
-0.25117169
-0.40876050
-0.06062683
-0.18602055
0.23522162
0.22584928
0.09341461
-0.41290862
-0.50191221
0.00042141
-0.25946711
0.37519866
0.40816760
-0.27648918
0.25047490
0.34083195
0.02634379
0.33124397
0.37862957
-0.00691234
0.16386856
0.01204031
-0.49849082
-0.08921160
0.06861806
-0.02610269
-0.17439010
0.16889987
-0.03450735
0.06175278
-0.22596393
-0.37846032
-0.05481384
-0.16744425
0.21092142
0.20250306
0.08354836
-0.38220005
-0.46219839
0.00002055
-0.23341499
0.34769114
0.37732080
-0.24870446
0.22462214
0.31680980
0.02330440
0.30819566
0.35077419
-0.00656672
0.14683110
0.01045682
-0.45912307
-0.08048909
0.06127575
-0.02380377
-0.15699762
0.14973349
-0.03075165
0.05466087
-0.20063287
-0.34753507
-0.04876979
-0.14870781
0.18701961
0.17954991
0.07400029
-0.35097471
-0.42240465
-0.00011472
-0.20724427
0.32058296
0.34688367
-0.22081076
0.19917638
0.29067076
0.02054526
0.27903644
0.32331923
-0.00595967
0.13015166
0.00914548
-0.41967433
-0.07155168
0.05423759
-0.02125426
-0.13943841
0.13128634
-0.02639036
0.04822833
-0.17480319
-0.31447712
-0.04213149
-0.12944005
0.16386050
0.15733477
0.06512377
-0.31776623
-0.38221514
0.00037489
-0.18057908
0.29084258
0.31714802
-0.19243113
0.17448098
0.25441295
0.01842400
0.24424889
0.29447950
-0.00473142
0.11417912
0.00846485
-0.37982887
-0.06203437
0.04785854
-0.01809318
-0.12134205
0.11325129
-0.02171625
0.04215559
-0.14875413
-0.27011937
-0.03519028
-0.10992436
0.14113401
0.13554814
0.05661769
-0.27388308
-0.34157839
0.00119418
-0.15369816
0.24982767
0.27974517
-0.16384324
0.15022489
0.21864477
0.01664379
0.20994458
0.25294079
-0.00317670
0.09860792
0.00811899
-0.33945214
-0.05222668
0.04183906
-0.01461406
-0.10299266
0.09492957
-0.01741380
0.03575141
-0.12315673
-0.22417790
-0.02862922
-0.09083586
0.11813839
0.11348886
0.04778928
-0.22731071
-0.29454447
0.00165623
-0.12727200
0.20861209
0.23351461
-0.13571650
0.12570540
0.18265627
0.01451607
0.17541447
0.21120336
-0.00198197
0.08274081
0.00742026
-0.29195947
-0.04280986
0.03548794
-0.01150213
-0.08506611
0.07587290
-0.01391702
0.02857503
-0.09843158
-0.17917230
-0.02288090
-0.07259928
0.09442245
0.09070633
0.03819624
-0.18167618
-0.23541246
0.00132460
-0.10172070
0.16673314
0.18663637
-0.10846992
0.10047034
0.14598807
0.01160278
0.14020009
0.16880420
-0.00158321
0.06613109
0.00593148
-0.23334641
-0.03421471
0.02836445
-0.00919215
-0.06798783
0.05686343
-0.01042959
0.02141605
-0.07376899
-0.13428009
-0.01714757
-0.05440898
0.07076537
0.06798033
0.02862667
-0.13615662
-0.17642925
0.00099324
-0.07623402
0.12495859
0.13987506
-0.08129222
0.07529797
0.10941121
0.00869621
0.10507341
0.12651075
-0.00118602
0.04956243
0.00444586
-0.17488086
-0.02564169
0.02125824
-0.00688854
-0.05095293
0.03788932
-0.00694917
0.01427013
-0.04915329
-0.08947287
-0.01142547
-0.03625339
0.04715242
0.04529670
0.01907468
-0.09072324
-0.11755758
0.00066206
-0.05079578
0.08326229
0.09320138
-0.05416615
0.05017257
0.07290280
0.00579468
0.07001245
0.08429652
-0.00079002
0.03302454
0.00296260
-0.11652585
-0.01708525
0.01416497
-0.00458971
-0.03395056
0.01893877
-0.00347342
0.00713289
-0.02456884
-0.04472228
-0.00571086
-0.01812092
0.02356887
0.02264130
0.00953441
-0.04534727
-0.05876022
0.00033100
-0.02538982
0.04161812
0.04658610
-0.02707448
0.02507846
0.03644000
0.00289650
0.03499528
0.04213507
-0.00039481
0.01650715
0.00148091
-0.05824452
-0.00853986
0.00708033
-0.00229406
-0.01696987