15 10 620 0.03593498
0.34373266
0.27349711
0.28648559
-0.40841471
-0.10137895
0.30024043
0.34120303
0.02228765
-0.52470282
-0.00166922
-0.61884342
-0.38334761
0.01977594
0.34135904
0.25122211
0.32920842
0.25265452
0.27545176
-0.38995187
-0.09468966
0.29008401
0.32693185
0.01641828
-0.49500411
-0.00511240
-0.57976293
-0.36701652
0.01416025
0.32707225
0.22605181
0.31601676
0.22597836
0.25312308
-0.37006416
-0.08592364
0.27978339
0.31399357
0.01267732
-0.46404888
-0.00643383
-0.53941431
-0.34916592
0.01067291
0.31411834
0.20003234
0.30417293
0.19874473
0.22431944
-0.34861321
-0.07478759
0.25587076
0.30240339
0.01135638
-0.43182823
-0.00534198
-0.49779003
-0.32957609
0.00960495
0.30251252
0.17554445
0.29256161
0.17186661
0.19409856
-0.32641253
-0.06262192
0.22259953
0.29104597
0.01111539
-0.39946382
-0.00317812
-0.45601305
-0.30696513
0.00961619
0.29113944
0.15185784
0.26380320
0.14675316
0.16534682
-0.29690577
-0.04852944
0.18929967
0.25961679
0.01284752
-0.36562198
0.00094998
-0.41277650
-0.25698652
0.01159962
0.25987614
0.13005161
0.21767182
0.12318717
0.13806264
-0.23251912
-0.03290035
0.15724808
0.21416843
0.01615490
-0.33163657
0.00664585
-0.36989914
-0.19950873
0.01515753
0.21438448
0.10983244
0.16992615
0.09906733
0.11021574
-0.16751660
-0.01791240
0.12459473
0.16729263
0.01885204
-0.28796038
0.01172549
-0.32735432
-0.14277697
0.01810456
0.16745504
0.08905863
0.11579112
0.06857668
0.07600506
-0.10905274
-0.00936891
0.08558602
0.11403636
0.01512786
-0.18930649
0.01037932
-0.25468326
-0.09256831
0.01462980
0.11414458
0.06190771
0.05787756
0.03427777
0.03799079
-0.05450899
-0.00468276
0.04277976
0.05700046
0.00756177
-0.09462323
0.00518825
-0.12730133
-0.04626937
0.00731282
0.05705455
0.03094434
0.23020287
0.22322305
0.24514081
-0.33136649
-0.17027252
0.24139228
0.23082851
-0.04655171
-0.30298555
-0.07053406
-0.28004320
-0.33749739
-0.04906714
0.23078993
0.18964143
0.24034718
0.19678943
0.23035849
-0.33000240
-0.15665385
0.25038982
0.24090636
-0.04552607
-0.30457041
-0.06706735
-0.28409144
-0.33556489
-0.04778546
0.24087188
0.16662595
0.25176124
0.17437964
0.20416578
-0.32730881
-0.13923390
0.24271976
0.25225543
-0.04062918
-0.30471382
-0.05974296
-0.28664430
-0.33232973
-0.04263396
0.25222495
0.14761530
0.26390951
0.15574879
0.18177077
-0.32386759
-0.11823248
0.21545258
0.26433999
-0.03208873
-0.30397967
-0.04878704
-0.28827170
-0.32837226
-0.03384016
0.26431344
0.13236675
0.27563653
0.13824528
0.16051948
-0.32090152
-0.09627623
0.18935031
0.27600442
-0.02253921
-0.30355165
-0.03683258
-0.29016336
-0.32430843
-0.02403839
0.27598174
0.11823080
0.24544641
0.12687439
0.14541484
-0.31220165
-0.06833503
0.16941285
0.24101116
-0.00695831
-0.29921356
-0.01885573
-0.28810215
-0.27785286
-0.00820619
0.24128469
0.11021487
0.20618192
0.11141377
0.12623214
-0.24541793
-0.04460647
0.14541244
0.20263707
0.00444859
-0.30137908
-0.00506036
-0.29237901
-0.21206264
0.00345123
0.20285568
0.09809873
0.16579154
0.09476759
0.10587321
-0.17265978
-0.02216172
0.12024788
0.16313485
0.01460258
-0.29444097
0.00747610
-0.29698430
-0.14766167
0.01385511
0.16329869
0.08478864
0.11477120
0.06744673
0.07484660
-0.11074469
-0.01046526
0.08442468
0.11300100
0.01403142
-0.19188957
0.00928292
-0.25803299
-0.09408803
0.01353336
0.11311017
0.06079758
0.05736756
0.03371278
0.03741154
-0.05535489
-0.00523096
0.04219908
0.05648274
0.00701352
-0.09591457
0.00464002
-0.12897586
-0.04702918
0.00676458
0.05653731
0.03038925