10 15 630 0.03593498
-0.31478171
0.57596545
-0.30279601
-0.00931706
-0.10887543
-0.20932357
0.41928084
0.31612287
0.36735597
-0.68190269
-0.30806418
0.55033132
-0.29627199
-0.01120622
-0.10384748
-0.19731669
0.40403059
0.30779583
0.35556725
-0.65186305
-0.30156127
0.52414684
-0.28305739
-0.01404272
-0.09982521
-0.18637435
0.38824820
0.29849301
0.34325254
-0.62240559
-0.29162817
0.49862799
-0.26381833
-0.01614347
-0.09512119
-0.17480475
0.37314820
0.27469740
0.33162589
-0.59232211
-0.27109345
0.47239915
-0.24564502
-0.01915401
-0.09137669
-0.16424485
0.35735358
0.24744479
0.31930981
-0.56299584
-0.25060216
0.44620901
-0.22751792
-0.02206815
-0.08758127
-0.15367990
0.34161165
0.21996996
0.30705116
-0.53368559
-0.23011642
0.42016315
-0.20938182
-0.02484393
-0.08368875
-0.14305947
0.32602663
0.19260149
0.29360283
-0.50429315
-0.20733088
0.39570159
-0.18893288
-0.02519068
-0.07740424
-0.13008444
0.31203724
0.16775188
0.26072995
-0.47338578
-0.18419318
0.37129307
-0.16812018
-0.02507057
-0.07068574
-0.11670859
0.29811090
0.14348927
0.22499769
-0.44250192
-0.15856816
0.34853905
-0.14481006
-0.02236295
-0.06140847
-0.10080294
0.26216240
0.12192030
0.19169722
-0.41004722
-0.13199196
0.32611619
-0.12054008
-0.01861840
-0.05111884
-0.08390974
0.21832201
0.10147912
0.15955956
-0.37735207
-0.10548912
0.30373756
-0.09633626
-0.01487582
-0.04085165
-0.06705963
0.17449772
0.08111157
0.12753210
-0.34471039
-0.07460602
0.24160999
-0.06774641
-0.00669592
-0.02616349
-0.04580505
0.13523000
0.06524179
0.10003164
-0.30911010
-0.04886274
0.16183738
-0.04429207
-0.00361308
-0.01658466
-0.02967217
0.09095458
0.04432024
0.06750131
-0.21392237
-0.02442356
0.08089335
-0.02213894
-0.00180585
-0.00828960
-0.01483129
0.04546310
0.02215327
0.03374016
-0.10692740
-0.28995068
0.24529771
-0.29273288
-0.00867685
-0.10823522
-0.20868336
0.27877762
0.30225608
0.29025085
-0.21156806
-0.29369001
0.24990557
-0.29632023
-0.01233379
-0.10497504
-0.19844426
0.28072973
0.30243731
0.29131763
-0.22131890
-0.29813285
0.25365733
-0.28690425
-0.01780687
-0.10358935
-0.19013850
0.28191767
0.29928351
0.29165083
-0.23151840
-0.29711067
0.25842421
-0.26901569
-0.02126468
-0.10024240
-0.17992596
0.28420600
0.27067226
0.29311282
-0.24033094
-0.27928119
0.26180804
-0.25358920
-0.02702855
-0.09925123
-0.17211939
0.28518994
0.23993876
0.29329659
-0.25019018
-0.26153097
0.26506789
-0.23822579
-0.03271286
-0.09822598
-0.16432461
0.28612194
0.20945292
0.29345238
-0.25987241
-0.24305877
0.26899518
-0.22212573
-0.03753110
-0.09637592
-0.15574664
0.28778682
0.17998562
0.28640150
-0.26862146
-0.22046524
0.27411032
-0.20189115
-0.03809861
-0.09031216
-0.14299237
0.29069837
0.15490603
0.24932984
-0.27595206
-0.19776493
0.27880673
-0.18153811
-0.03844451
-0.08405969
-0.13008254
0.29324347
0.13016956
0.21266075
-0.28350577
-0.16982534
0.28572009
-0.15593556
-0.03345081
-0.07249633
-0.11189080
0.25339178
0.11087886
0.18148938
-0.28868185
-0.14135239
0.29192765
-0.12979091
-0.02783789
-0.06033833
-0.09312924
0.21092219
0.09229826
0.15107256
-0.29443787
-0.11297197
0.29810290
-0.10373150
-0.02224602
-0.04822184
-0.07442983
0.16858190
0.07377226
0.12074735
-0.30013507
-0.07719565
0.24269622
-0.07027039
-0.00920112
-0.02866870
-0.04831026
0.13381478
0.06275973
0.09796520
-0.30388331
-0.04965592
0.16349349
-0.04504150
-0.00435001
-0.01732159
-0.03040909
0.09094393
0.04359874
0.06705674
-0.21864954
-0.02482015
0.08172101
-0.02251367
-0.00217432
-0.00865807
-0.01519977
0.04545765
0.02179250
0.03351781
-0.10929037