4 3 54
0.00000000
0.00000000
0.00000000
0.00000000
0.00000000
0.00000000
0.00000000
0.00000000
0.00000000
0.00000000
0.00000000
0.00000000
0.00000000
0.00000000
0.00000000
0.00000000
0.00000000
0.00000000
0.00000000
0.00000000
0.00000000
0.00000000
0.00000000
0.00000000
0.00000000
0.00000000
0.00000000
0.00000000
0.00000000
0.00000000
0.00000000
0.00000000
0.00000000
0.00000000
0.00000000
0.00000000
0.00000000
0.00000000
0.11501789
0.00000000
0.00000000
0.00000000
0.00000000
0.00000000
0.00000000
0.00000000
0.00000000
0.00000000
0.17785870
0.10092612
0.05046392
0.00593542
0.00548461
0.00274317
0.05793522
0.11840616
-0.29980959
0.12344204
0.05776718
0.09806000
-0.25724268
0.10141549
0.02887450
0.04901457
-0.12858086
0.05069179
-0.01615840
-0.00946149
-0.06849094
-0.00890379
-0.01615840
-0.00946149
-0.06849094
-0.00890379
-0.01615840
-0.00946149
-0.06849094
-0.00890379
-0.06696529
-0.07366220
-0.01463275
-0.07421991
-0.06696529
-0.07366220
-0.01463275
-0.07421991
-0.06696529
-0.07366220
-0.01463275
-0.07421991
-0.02493711
-0.02493711
-0.02493711
-0.02493711
-0.02493711
-0.02493711
-0.02493711
-0.02493711
-0.02493711
-0.02493711
-0.02493711
-0.02493711
-0.02493711
-0.02493711
-0.02493711
-0.02493711
-0.02493711
-0.02493711
-0.02493711
-0.02493711
-0.02493711
-0.02493711
-0.02493711
-0.02493711
-0.00000000
-0.00000000
-0.00000000
-0.00000000
-0.00000000
-0.00000000
-0.00020858
0.00000000
0.00000000
0.00000000
0.00000000
0.00000000
0.00000000
0.00000000
0.00000000
0.00000000
0.00000000
0.00000000
0.00000000
-0.00020858
0.00000000
0.00000000
0.00000000
0.00000000
0.00000000
0.00000000
0.00000000
0.00000000
0.00000000
0.00000000
0.00000000
0.00000000
-0.00020858
0.00000000
0.00000000
0.00000000
0.00000000
0.00000000
0.00000000
0.00000000
0.00000000
0.00000000
0.00000000
0.00000000
0.00000000
-0.00020858
0.00000000
0.00000000
0.00000000
0.00000000
0.00000000
0.00000000
0.00000000
0.00000000
-0.00020858
0.00000000
0.00000000
0.00000000
-0.00020858
0.00000000
0.00000000
0.00000000
0.00000000
0.00000000
0.00000000
0.00000000
0.00000000
-0.00020858
0.00000000
0.00000000
0.00000000
-0.00020858
0.00000000
0.00000000
0.00000000
0.00000000
0.00000000
0.00000000
0.00000000
0.00000000
-0.00020858
0.00000000
0.00000000
0.00000000
-0.00020858
0.00000000
0.00000000
0.00000000
0.00000000
0.00000000
0.00000000
0.00000000
0.00000000
-0.00020858
0.00000000
0.00000000
0.00000000
-0.00020858
0.00000000
0.00000000
0.00000000
0.00000000
-0.00020858
0.00000000
0.00000000
0.00000000
-0.00020858
0.00000000
0.00000000
0.00000000
-0.00020858
0.00000000
0.00000000
0.00000000
0.00000000
-0.00020858
0.00000000
0.00000000
0.00000000
-0.00020858
0.00000000
0.00000000
0.00000000
-0.00020858
0.00000000
0.00000000
0.00000000
0.00000000
-0.00020858
0.00000000
0.00000000
0.00000000
-0.00020858
0.00000000
0.00000000
0.00000000
-0.00020858
0.00000000
0.00000000
0.00000000
0.00000000
-0.00020858
0.00000000
0.00000000
0.00000000
-0.00020858
0.00000000
0.00000000
0.00000000
-0.00020858
0.00020858
-0.00000000
-0.00000000
-0.00000000
-0.00000000
-0.00000000
-0.00000000
-0.00000000
-0.00000000
-0.00000000
-0.00000000
-0.00000000
-0.00000000
0.00020858
-0.00000000
-0.00000000
-0.00000000
-0.00000000
-0.00000000
-0.00000000
-0.00000000
-0.00000000
-0.00000000
-0.00000000
-0.00000000
-0.00000000
0.00020858
-0.00000000
-0.00000000
-0.00000000
-0.00000000
-0.00000000
-0.00000000
-0.00000000
-0.00000000
-0.00000000
-0.00000000
-0.00000000
-0.00000000
0.00020858
-0.00000000
-0.00000000
-0.00000000
-0.00000000
-0.00000000
-0.00000000
-0.00000000
-0.00000000
0.00020858
-0.00000000
-0.00000000
-0.00000000
0.00020858
-0.00000000
-0.00000000
-0.00000000
-0.00000000
-0.00000000
-0.00000000
-0.00000000
-0.00000000
0.00020858
-0.00000000
-0.00000000
-0.00000000
0.00020858
-0.00000000
-0.00000000
-0.00000000
-0.00000000
-0.00000000
-0.00000000
-0.00000000
-0.00000000
0.00020858
-0.00000000
-0.00000000
-0.00000000
0.00020858
-0.00000000
-0.00000000
-0.00000000
-0.00000000
-0.00000000
-0.00000000
-0.00000000
-0.00000000
0.00020858
-0.00000000
-0.00000000
-0.00000000
0.00020858
-0.00000000
-0.00000000
-0.00000000
-0.00000000
0.00020858
-0.00000000
-0.00000000
-0.00000000
0.00020858
-0.00000000
-0.00000000
-0.00000000
0.00020858
-0.00000000
-0.00000000
-0.00000000
-0.00000000
0.00020858
-0.00000000
-0.00000000
-0.00000000
0.00020858
-0.00000000
-0.00000000
-0.00000000
0.00020858
-0.00000000
-0.00000000
-0.00000000
-0.00000000
0.00020858
-0.00000000
-0.00000000
-0.00000000
0.00020858
-0.00000000
-0.00000000
-0.00000000
0.00020858
-0.00000000
-0.00000000
-0.00000000
-0.00000000
0.00020858
-0.00000000
-0.00000000
-0.00000000
0.00020858
-0.00000000
-0.00000000
-0.00000000
0.00020858
0.08312369
0.00000000
0.00000000
0.00000000
0.00000000
0.00000000
0.00000000
0.00000000
0.00000000
0.00000000
0.00000000
0.00000000
0.00000000
0.08312369
0.00000000
0.00000000
0.00000000
0.00000000
0.00000000
0.00000000
0.00000000
0.00000000
0.00000000
0.00000000
0.00000000
0.00000000
0.08312369
0.00000000
0.00000000
0.00000000
0.00000000
0.00000000
0.00000000
0.00000000
0.00000000
0.00000000
0.00000000
0.00000000
0.00000000
0.08312369
0.00000000
0.00000000
0.00000000
0.00000000
0.00000000
0.00000000
0.00000000
0.00000000
0.00000000
0.00000000
0.00000000
0.00000000
0.08312369
0.00000000
0.00000000
0.00000000
0.00000000
0.00000000
0.00000000
0.00000000
0.00000000
0.00000000
0.00000000
0.00000000
0.00000000
0.08312369
0.00000000
0.00000000
0.00000000
0.00000000
0.00000000
0.00000000
0.00000000
0.00000000
0.00000000
0.00000000
0.00000000
0.00000000
0.08312369
0.00000000
0.00000000
0.00000000
0.00000000
0.00000000
0.00000000
0.00000000
0.00000000
0.00000000
0.00000000
0.00000000
0.00000000
0.08312369
0.00000000
0.00000000
0.00000000
0.00000000
0.00000000
0.00000000
0.00000000
0.00000000
0.00000000
0.00000000
0.00000000
0.00000000
0.08312369
0.00000000
0.00000000
0.00000000
0.00000000
0.00000000
0.00000000
0.00000000
0.00000000
0.00000000
0.00000000
0.00000000
0.00000000
0.08312369
0.00000000
0.00000000
0.00000000
0.00000000
0.00000000
0.00000000
0.00000000
0.00000000
0.00000000
0.00000000
0.00000000
0.00000000
0.08312369
0.00000000
0.00000000
0.00000000
0.00000000
0.00000000
0.00000000
0.00000000
0.00000000
0.00000000
0.00000000
0.00000000
0.00000000
0.08312369
-0.08312369
-0.00000000
-0.00000000
-0.00000000
-0.00000000
-0.00000000
-0.00000000
-0.00000000
-0.00000000
-0.00000000
-0.00000000
-0.00000000
-0.00000000
-0.08312369
-0.00000000
-0.00000000
-0.00000000
-0.00000000
-0.00000000
-0.00000000
-0.00000000
-0.00000000
-0.00000000
-0.00000000
-0.00000000
-0.00000000
-0.08312369
-0.00000000
-0.00000000
-0.00000000
-0.00000000
-0.00000000
-0.00000000
-0.00000000
-0.00000000
-0.00000000
-0.00000000
-0.00000000
-0.00000000
-0.08312369
-0.00000000
-0.00000000
-0.00000000
-0.00000000
-0.00000000
-0.00000000
-0.00000000
-0.00000000
-0.00000000
-0.00000000
-0.00000000
-0.00000000
-0.08312369
-0.00000000
-0.00000000
-0.00000000
-0.00000000
-0.00000000
-0.00000000
-0.00000000
-0.00000000
-0.00000000
-0.00000000
-0.00000000
-0.00000000
-0.08312369
-0.00000000
-0.00000000
-0.00000000
-0.00000000
-0.00000000
-0.00000000
-0.00000000
-0.00000000
-0.00000000
-0.00000000
-0.00000000
-0.00000000
-0.08312369
-0.00000000
-0.00000000
-0.00000000
-0.00000000
-0.00000000
-0.00000000
-0.00000000
-0.00000000
-0.00000000
-0.00000000
-0.00000000
-0.00000000
-0.08312369
-0.00000000
-0.00000000
-0.00000000
-0.00000000
-0.00000000
-0.00000000
-0.00000000
-0.00000000
-0.00000000
-0.00000000
-0.00000000
-0.00000000
-0.08312369
-0.00000000
-0.00000000
-0.00000000
-0.00000000
-0.00000000
-0.00000000
-0.00000000
-0.00000000
-0.00000000
-0.00000000
-0.00000000
-0.00000000
-0.08312369
-0.00000000
-0.00000000
-0.00000000
-0.00000000
-0.00000000
-0.00000000
-0.00000000
-0.00000000
-0.00000000
-0.00000000
-0.00000000
-0.00000000
-0.08312369
-0.00000000
-0.00000000
-0.00000000
-0.00000000
-0.00000000
-0.00000000
-0.00000000
-0.00000000
-0.00000000
-0.00000000
-0.00000000
-0.00000000
-0.08312369
0.08312369
0.08312369
0.08312369
0.08312369
0.00000000
0.00000000
0.00000000
0.00000000
0.00000000
0.00000000
0.00000000
0.00000000
0.00000000
0.00000000
0.00000000
0.00000000
0.08312369
0.08312369
0.08312369
0.08312369
0.00000000
0.00000000
0.00000000
0.00000000
0.00000000
0.00000000
0.00000000
0.00000000
0.00000000
0.00000000
0.00000000
0.00000000
0.08312369
0.08312369
0.08312369
0.08312369
-0.08312369
-0.08312369
-0.08312369
-0.08312369
-0.00000000
-0.00000000
-0.00000000
-0.00000000
-0.00000000
-0.00000000
-0.00000000
-0.00000000
-0.00000000
-0.00000000
-0.00000000
-0.00000000
-0.08312369
-0.08312369
-0.08312369
-0.08312369
-0.00000000
-0.00000000
-0.00000000
-0.00000000
-0.00000000
-0.00000000
-0.00000000
-0.00000000
-0.00000000
-0.00000000
-0.00000000
-0.00000000
-0.08312369
-0.08312369
-0.08312369
-0.08312369
