3 4 56
0.002502994152
0.002502994152
0.002502994152
0.002498279965
0.002498279965
0.002498279965
0.002495138821
0.002495138821
0.002495138821
0.002493568743
0.002493568743
0.002493568743
-0.002502994152
-0.002502994152
-0.002502994152
-0.002498279965
-0.002498279965
-0.002498279965
-0.002495138821
-0.002495138821
-0.002495138821
-0.002493568743
-0.002493568743
-0.002493568743
-0.997493229529
-0.997493229529
-0.997493229529
0.001878698065
0.001878698065
0.001878698065
0.001251808583
0.001251808583
0.001251808583
0.000625707303
0.000625707303
0.000625707303
0.997493229529
0.997493229529
0.997493229529
-0.001878698065
-0.001878698065
-0.001878698065
-0.001251808583
-0.001251808583
-0.001251808583
-0.000625707303
-0.000625707303
-0.000625707303
-0.997493229529
0.001878698065
0.001251808583
0.000625707303
0.997493229529
-0.001878698065
-0.001251808583
-0.000625707303
-0.000004714188
-0.000004714188
-0.000004714188
0.002499853008
0.002499853008
0.002499853008
0.002496709887
0.002496709887
0.002496709887
0.002495138821
0.002495138821
0.002495138821
0.000004714188
0.000004714188
0.000004714188
-0.002499853008
-0.002499853008
-0.002499853008
-0.002496709887
-0.002496709887
-0.002496709887
-0.002495138821
-0.002495138821
-0.002495138821
0.001878698065
0.001878698065
0.001878698065
-0.998120119011
-0.998120119011
-0.998120119011
0.001252596785
0.001252596785
0.001252596785
0.000626101280
0.000626101280
0.000626101280
-0.001878698065
-0.001878698065
-0.001878698065
0.998120119011
0.998120119011
0.998120119011
-0.001252596785
-0.001252596785
-0.001252596785
-0.000626101280
-0.000626101280
-0.000626101280
0.001878698065
-0.998120119011
0.001252596785
0.000626101280
-0.001878698065
0.998120119011
-0.001252596785
-0.000626101280
-0.000003141144
-0.000003141144
-0.000003141144
-0.000006284265
-0.000006284265
-0.000006284265
0.002499853008
0.002499853008
0.002499853008
0.002498279965
0.002498279965
0.002498279965
0.000003141144
0.000003141144
0.000003141144
0.000006284265
0.000006284265
0.000006284265
-0.002499853008
-0.002499853008
-0.002499853008
-0.002498279965
-0.002498279965
-0.002498279965
0.001251808583
0.001251808583
0.001251808583
0.001252596785
0.001252596785
0.001252596785
-0.998745826314
-0.998745826314
-0.998745826314
0.000626889482
0.000626889482
0.000626889482
-0.001251808583
-0.001251808583
-0.001251808583
-0.001252596785
-0.001252596785
-0.001252596785
0.998745826314
0.998745826314
0.998745826314
-0.000626889482
-0.000626889482
-0.000626889482
0.001251808583
0.001252596785
-0.998745826314
0.000626889482
-0.001251808583
-0.001252596785
0.998745826314
-0.000626889482
-0.000001570078
-0.000001570078
-0.000001570078
-0.000003141144
-0.000003141144
-0.000003141144
-0.000004714188
-0.000004714188
-0.000004714188
0.002502994152
0.002502994152
0.002502994152
0.000001570078
0.000001570078
0.000001570078
0.000003141144
0.000003141144
0.000003141144
0.000004714188
0.000004714188
0.000004714188
-0.002502994152
-0.002502994152
-0.002502994152
0.000625707303
0.000625707303
0.000625707303
0.000626101280
0.000626101280
0.000626101280
0.000626889482
0.000626889482
0.000626889482
-0.999371927594
-0.999371927594
-0.999371927594
-0.000625707303
-0.000625707303
-0.000625707303
-0.000626101280
-0.000626101280
-0.000626101280
-0.000626889482
-0.000626889482
-0.000626889482
0.999371927594
0.999371927594
0.999371927594
0.000625707303
0.000626101280
0.000626889482
-0.999371927594
-0.000625707303
-0.000626101280
-0.000626889482
0.999371927594
0.000000000000
0.000000000000
0.000000000000
0.000000000000
0.000000000000
0.000000000000
0.000000000000
0.000000000000
0.000000000000
0.000000000000
0.000000000000
0.000000000000
0.000000000000
0.000000000000
0.000000000000
0.000000000000
0.000000000000
0.000000000000
0.000000000000
0.000000000000
0.000000000000
0.000000000000
0.000000000000
0.000000000000
0.000000000000
0.000000000000
0.000000000000
0.000000000000
0.000000000000
0.000000000000
0.000000000000
0.000000000000
0.000000000000
0.000000000000
0.000000000000
0.000000000000
0.000000000000
0.000000000000
0.211915778070
0.000000000000
0.000000000000
0.044855297649
0.000000000000
0.000000000000
0.000000000000
0.000000000000
0.000000000000
0.000000000000
0.199787741623
0.105578821611
0.062359294138
0.031180088355
0.012851476310
0.003452075050
0.004259271064
0.002130076814
-0.296603712854
-0.373898761904
0.323541133186
-0.222289526651
-0.280218268341
0.242477764881
-0.148115305226
-0.186714214432
0.161567072893
-0.074034344721
-0.093327725278
0.080758111742
